0 0.235944 0.124434 0.042169 0.061840
0 0.126506 0.062594 0.040161 0.055807
0 0.123996 0.326546 0.049197 0.064857
0 0.266566 0.248869 0.051205 0.084465
0 0.365462 0.132730 0.042169 0.060332
0 0.351908 0.276018 0.059237 0.072398
0 0.392068 0.252640 0.043173 0.058824
0 0.493976 0.208899 0.048193 0.070890
0 0.545181 0.192308 0.042169 0.064857
0 0.644578 0.061086 0.046185 0.055807
0 0.572289 0.280543 0.046185 0.075415
0 0.614458 0.279035 0.044177 0.096531
0 0.679719 0.392911 0.052209 0.073906
0 0.663153 0.521116 0.049197 0.082956
0 0.617972 0.625943 0.051205 0.075415
0 0.558735 0.655354 0.055221 0.067873
0 0.386044 0.600302 0.055221 0.060332
0 0.414157 0.647059 0.041165 0.069382
0 0.219880 0.547511 0.050201 0.072398
0 0.299197 0.483409 0.048193 0.064857
0 0.247490 0.326546 0.049197 0.061840
0 0.166667 0.570890 0.056225 0.073906
0 0.146586 0.711916 0.048193 0.072398
0 0.321285 0.775264 0.054217 0.093514
0 0.557731 0.734540 0.041165 0.075415
0 0.394076 0.871795 0.045181 0.060332
0 0.577309 0.855958 0.046185 0.064857
0 0.793675 0.687029 0.053213 0.076923
0 0.813253 0.542232 0.050201 0.082956
0 0.826305 0.396682 0.056225 0.075415
0 0.896586 0.287330 0.052209 0.082956
0 0.720884 0.162142 0.048193 0.064857
0 0.909639 0.138763 0.050201 0.066365
0 0.460341 0.087481 0.055221 0.072398
0 0.175201 0.844646 0.049197 0.072398
0 0.077309 0.886878 0.052209 0.066365
0 0.096386 0.473605 0.052209 0.069382
0 0.097390 0.205128 0.042169 0.060332
0 0.875000 0.709653 0.053213 0.082956
0 0.910141 0.849925 0.059237 0.073906
0 0.767068 0.849925 0.058233 0.079940
0 0.679217 0.820513 0.049197 0.069382
0 0.760542 0.214178 0.057229 0.078431
0 0.822289 0.111614 0.058233 0.069382
0 0.828313 0.041478 0.046185 0.064857
0 0.601406 0.085973 0.034137 0.060332
0 0.585843 0.167421 0.053213 0.072398
0 0.414157 0.104072 0.051205 0.072398
0 0.734940 0.443439 0.050201 0.069382
0 0.708333 0.583710 0.047189 0.081448
0 0.645080 0.693816 0.041165 0.063348
0 0.239960 0.751131 0.048193 0.072398
0 0.299699 0.920814 0.059237 0.085973
0 0.730924 0.087481 0.058233 0.081448
0 0.252510 0.057315 0.043173 0.063348
0 0.200301 0.073906 0.043173 0.069382
0 0.034639 0.106335 0.045181 0.064857
0 0.048193 0.567119 0.050201 0.069382
0 0.247992 0.665913 0.048193 0.067873
0 0.919679 0.417798 0.052209 0.072398
0 0.967369 0.116893 0.055221 0.085973
0 0.664659 0.264706 0.050201 0.085973
0 0.649096 0.340121 0.047189 0.076923
0 0.327811 0.420814 0.053213 0.075415
