0 0.427500 0.325901 0.061250 0.082333
0 0.219062 0.463551 0.071875 0.093482
0 0.162500 0.395369 0.080000 0.099485
0 0.654687 0.719554 0.065625 0.092624
0 0.811875 0.263293 0.065000 0.113208
0 0.149688 0.811321 0.081875 0.101201
0 0.428125 0.455403 0.070000 0.087479
0 0.321875 0.194683 0.066250 0.085763
0 0.157188 0.134220 0.073125 0.095197
0 0.098437 0.466552 0.083125 0.097770
0 0.699375 0.521441 0.060000 0.089194
0 0.550000 0.588336 0.065000 0.087479
0 0.431563 0.726844 0.073125 0.093482
0 0.374375 0.796741 0.086250 0.084048
0 0.488125 0.138079 0.063750 0.092624
0 0.489063 0.261149 0.051875 0.079760
0 0.930312 0.653945 0.061875 0.105489
0 0.818125 0.794597 0.068750 0.103774
0 0.807187 0.389794 0.076875 0.102058
0 0.591250 0.136792 0.052500 0.078045
0 0.970625 0.854202 0.036250 0.075472
