0 0.326250 0.427196 0.150000 0.199538
0 0.467187 0.218413 0.126875 0.187211
0 0.157812 0.403698 0.179375 0.206471
0 0.215938 0.598998 0.191875 0.218028
0 0.407500 0.627119 0.178750 0.200308
0 0.605625 0.635593 0.200000 0.231125
0 0.724063 0.449923 0.164375 0.215716
0 0.919375 0.456086 0.161250 0.200308
0 0.283125 0.830894 0.186250 0.181048
0 0.472813 0.829738 0.189375 0.192604
0 0.100312 0.822034 0.183125 0.195686
0 0.799063 0.672188 0.194375 0.210324
0 0.915000 0.453390 0.168750 0.201079
0 0.561875 0.072419 0.148750 0.137134
0 0.527500 0.403313 0.193750 0.211864
0 0.602812 0.632897 0.184375 0.221109
0 0.679688 0.830508 0.180625 0.172573
0 0.877812 0.832049 0.203125 0.175655
0 0.054688 0.617103 0.106875 0.186441
0 0.955625 0.656780 0.083750 0.187211
0 0.940312 0.067797 0.119375 0.127889
0 0.731250 0.088213 0.145000 0.174884
