0 0.280313 0.467866 0.048125 0.061697
0 0.621563 0.524422 0.044375 0.068552
0 0.184062 0.713796 0.064375 0.066838
0 0.318437 0.714225 0.039375 0.055698
0 0.313125 0.242502 0.042500 0.078835
0 0.088438 0.117823 0.056875 0.055698
0 0.714688 0.069409 0.059375 0.071979
0 0.365312 0.476435 0.034375 0.051414
0 0.896875 0.495287 0.062500 0.082262
0 0.887813 0.170951 0.061875 0.081405
0 0.741563 0.261354 0.064375 0.080548
0 0.238437 0.528278 0.050625 0.060840
0 0.402813 0.712082 0.038125 0.051414
0 0.517188 0.825193 0.048125 0.073693
0 0.330937 0.851328 0.050625 0.064267
0 0.222812 0.861183 0.054375 0.059983
0 0.179688 0.349614 0.046875 0.059983
0 0.142187 0.060840 0.053125 0.070266
0 0.690937 0.189374 0.046875 0.077121
0 0.279375 0.302485 0.038750 0.049700
0 0.224375 0.404027 0.041250 0.052271
0 0.193125 0.602399 0.057500 0.071979
0 0.130312 0.538132 0.045625 0.049700
0 0.086875 0.621251 0.065000 0.053128
0 0.187812 0.774636 0.053125 0.054841
0 0.236875 0.228792 0.042500 0.058269
0 0.254063 0.164096 0.053125 0.069409
0 0.208125 0.123393 0.047500 0.071979
0 0.618125 0.266924 0.050000 0.067695
0 0.307812 0.588260 0.049375 0.050557
0 0.786250 0.526564 0.032500 0.055698
0 0.788750 0.477721 0.037500 0.043702
0 0.596562 0.429306 0.048125 0.061697
0 0.662813 0.374893 0.043125 0.052271
0 0.921562 0.604970 0.053125 0.099400
0 0.447813 0.648672 0.041875 0.058269
0 0.894687 0.366752 0.048125 0.071979
0 0.771250 0.399743 0.047500 0.062554
