0 0.368125 0.341338 0.057500 0.099485
0 0.299687 0.349057 0.038125 0.070326
0 0.257812 0.341767 0.046875 0.084906
0 0.064375 0.451115 0.062500 0.060034
0 0.200937 0.344768 0.046875 0.058319
0 0.156250 0.297170 0.058750 0.095197
0 0.109063 0.096913 0.051875 0.075472
0 0.395625 0.137221 0.051250 0.094340
0 0.463750 0.175386 0.063750 0.088336
0 0.516250 0.207547 0.051250 0.090909
0 0.248750 0.445969 0.065000 0.082333
0 0.168437 0.607204 0.059375 0.085763
0 0.118438 0.582333 0.053125 0.075472
0 0.239687 0.561321 0.056875 0.076329
0 0.114687 0.661235 0.061875 0.073756
0 0.425625 0.645798 0.058750 0.077187
0 0.477187 0.795026 0.058125 0.090909
0 0.436250 0.851630 0.066250 0.089194
0 0.634375 0.723842 0.045000 0.066895
0 0.324688 0.469554 0.060625 0.079760
0 0.312812 0.539880 0.056875 0.081475
0 0.493437 0.295455 0.054375 0.086621
0 0.462187 0.385506 0.060625 0.071184
0 0.870625 0.566895 0.052500 0.077187
0 0.680312 0.669811 0.049375 0.077187
0 0.847500 0.386792 0.055000 0.078902
0 0.868125 0.251715 0.065000 0.084906
0 0.885312 0.182247 0.063125 0.067753
0 0.962187 0.180103 0.064375 0.082333
0 0.900625 0.473413 0.070000 0.090909
0 0.436875 0.077616 0.052500 0.067753
0 0.058438 0.313894 0.048125 0.066895
0 0.775312 0.790738 0.051875 0.085763
0 0.656250 0.802316 0.058750 0.072899
0 0.581875 0.876930 0.060000 0.067753
0 0.546875 0.548885 0.037500 0.054889
0 0.660937 0.428816 0.068125 0.087479
0 0.765938 0.345197 0.051875 0.076329
0 0.308750 0.749142 0.070000 0.091767
0 0.743437 0.515009 0.053125 0.072899
0 0.510312 0.676244 0.053125 0.074614
0 0.580313 0.100343 0.049375 0.061750
0 0.683438 0.107633 0.065625 0.069468
0 0.793750 0.268868 0.060000 0.071184
0 0.960313 0.612779 0.060625 0.091767
0 0.367812 0.694683 0.058125 0.077187
0 0.251563 0.861492 0.055625 0.072899
0 0.025625 0.253431 0.047500 0.088336
0 0.499688 0.514580 0.058125 0.075472
0 0.431250 0.590480 0.060000 0.057461
0 0.605313 0.431389 0.043125 0.065180
