0 0.108438 0.068123 0.060625 0.060840
0 0.041563 0.273779 0.038125 0.043702
0 0.206563 0.332048 0.045625 0.055698
0 0.335000 0.288775 0.040000 0.059983
0 0.397500 0.341045 0.047500 0.063410
0 0.286875 0.581405 0.046250 0.064267
0 0.388750 0.586975 0.038750 0.059983
0 0.547500 0.543702 0.050000 0.065981
0 0.580937 0.648672 0.050625 0.075407
0 0.528750 0.648243 0.037500 0.041988
0 0.609688 0.745501 0.050625 0.066838
0 0.165625 0.698372 0.053750 0.061697
0 0.220938 0.702656 0.049375 0.063410
0 0.354687 0.775493 0.046875 0.061697
0 0.067187 0.756641 0.054375 0.068552
0 0.204375 0.837189 0.042500 0.071979
0 0.317812 0.850471 0.056875 0.067695
0 0.369688 0.851757 0.058125 0.085690
0 0.640312 0.862896 0.050625 0.073693
0 0.750625 0.861183 0.061250 0.090831
0 0.850938 0.855184 0.066875 0.082262
0 0.747500 0.537704 0.057500 0.084833
0 0.690625 0.355184 0.037500 0.088260
0 0.342187 0.453728 0.045625 0.069409
0 0.231875 0.577549 0.038750 0.061697
0 0.107500 0.506427 0.056250 0.061697
0 0.087813 0.622108 0.036875 0.065124
0 0.117188 0.215938 0.038125 0.056555
0 0.095000 0.151671 0.042500 0.061697
0 0.818438 0.161954 0.059375 0.066838
0 0.540000 0.170094 0.048750 0.071123
0 0.655312 0.087404 0.055625 0.071979
0 0.244375 0.454156 0.038750 0.058269
0 0.120000 0.385604 0.047500 0.058269
0 0.050625 0.499143 0.051250 0.057412
0 0.197187 0.170951 0.059375 0.079692
0 0.369688 0.138389 0.044375 0.065981
0 0.283750 0.278920 0.041250 0.053985
0 0.170625 0.388603 0.053750 0.048843
0 0.753437 0.266924 0.056875 0.077978
0 0.928125 0.349186 0.053750 0.081405
0 0.940625 0.645673 0.046250 0.079692
0 0.911563 0.169237 0.053125 0.088260
0 0.885312 0.086547 0.045625 0.068552
0 0.439063 0.187232 0.038125 0.048843
0 0.848750 0.533419 0.046250 0.081405
0 0.679688 0.642245 0.049375 0.079692
