0 0.287187 0.600772 0.083125 0.105489
0 0.569688 0.509434 0.090625 0.099485
0 0.381563 0.521870 0.096875 0.117496
0 0.200625 0.250429 0.078750 0.068611
0 0.095000 0.623928 0.090000 0.108919
0 0.457500 0.270154 0.053750 0.090909
0 0.756250 0.491424 0.070000 0.108062
0 0.465000 0.770154 0.118750 0.121784
0 0.623125 0.172384 0.055000 0.054889
0 0.769375 0.244854 0.060000 0.093482
0 0.452500 0.120069 0.062500 0.084048
0 0.900312 0.235420 0.059375 0.083190
0 0.101250 0.754717 0.130000 0.128645
0 0.935937 0.111492 0.043125 0.060034
0 0.885000 0.074185 0.041250 0.048885
