0 0.183105 0.555990 0.041992 0.053385
0 0.310547 0.587891 0.045898 0.053385
0 0.264648 0.421549 0.038086 0.059245
0 0.354736 0.612305 0.046387 0.064453
0 0.224854 0.584961 0.049316 0.063151
0 0.179932 0.752604 0.048340 0.050781
0 0.354492 0.752604 0.045898 0.057292
0 0.482178 0.653320 0.049316 0.064453
0 0.179932 0.423503 0.037598 0.048828
0 0.138428 0.523438 0.049316 0.058594
0 0.128418 0.649740 0.040039 0.058594
0 0.086182 0.757812 0.046387 0.055990
0 0.402344 0.524089 0.035156 0.045573
0 0.401367 0.722005 0.044922 0.050781
0 0.489502 0.789062 0.045410 0.061198
0 0.088379 0.488607 0.043945 0.055339
0 0.142334 0.388021 0.045410 0.061198
0 0.090088 0.620443 0.043457 0.057292
0 0.364014 0.482096 0.039551 0.057943
0 0.318848 0.456380 0.046875 0.053385
0 0.257324 0.748372 0.044922 0.054036
0 0.401611 0.851888 0.041504 0.052734
0 0.443115 0.886393 0.036621 0.056641
0 0.307861 0.930664 0.046387 0.063151
0 0.170654 0.895508 0.046387 0.051432
0 0.574951 0.853190 0.042480 0.056641
0 0.618164 0.955729 0.039062 0.058594
0 0.617432 0.816732 0.064941 0.069661
0 0.660645 0.923503 0.049805 0.072266
0 0.710205 0.958659 0.053223 0.078776
0 0.530762 0.821289 0.045898 0.067057
0 0.527344 0.889974 0.045898 0.059896
0 0.353760 0.888346 0.055176 0.073568
0 0.442139 0.952474 0.033691 0.057292
0 0.574463 0.923177 0.048340 0.063802
0 0.155762 0.956380 0.051758 0.059896
0 0.087646 0.820964 0.039551 0.055990
0 0.042480 0.654297 0.042969 0.058594
0 0.034912 0.791992 0.048340 0.060547
0 0.081787 0.888346 0.044434 0.061849
0 0.309570 0.717448 0.044922 0.066406
0 0.220459 0.655599 0.049316 0.075521
0 0.092041 0.217773 0.048340 0.061849
0 0.143311 0.188151 0.050293 0.070312
0 0.238525 0.324544 0.045410 0.057943
0 0.041260 0.382487 0.041504 0.057943
0 0.043701 0.113932 0.047363 0.053385
0 0.045654 0.246094 0.044434 0.057292
0 0.046875 0.180013 0.043945 0.059245
0 0.180908 0.281901 0.045410 0.067708
