0 0.288330 0.461905 0.072754 0.109158
0 0.207275 0.461538 0.079590 0.136264
0 0.377441 0.466667 0.087891 0.124542
0 0.467041 0.464469 0.075684 0.133333
0 0.731689 0.465568 0.065918 0.103297
0 0.410156 0.804762 0.075195 0.094505
0 0.231689 0.805861 0.099121 0.112821
0 0.677246 0.815018 0.077148 0.107692
0 0.291016 0.233700 0.081055 0.127473
0 0.373535 0.216117 0.089844 0.127473
0 0.233154 0.578755 0.085449 0.114286
0 0.108398 0.584249 0.067383 0.104762
0 0.055176 0.702198 0.078125 0.115018
0 0.100830 0.809524 0.070801 0.087912
0 0.150391 0.824908 0.041992 0.054212
0 0.194336 0.942857 0.079102 0.114286
0 0.234375 0.117949 0.100586 0.131868
0 0.062988 0.247619 0.074219 0.090842
0 0.055908 0.482418 0.069824 0.103297
0 0.542236 0.470696 0.077637 0.112088
0 0.547119 0.702930 0.090332 0.122344
0 0.504150 0.815385 0.087402 0.136264
0 0.593506 0.820147 0.085449 0.116484
0 0.548584 0.940293 0.076660 0.119414
0 0.460693 0.230037 0.073730 0.120147
0 0.642090 0.246154 0.065430 0.123077
0 0.816406 0.459341 0.074219 0.114286
0 0.868164 0.839927 0.083008 0.110623
0 0.777344 0.830769 0.093750 0.133333
0 0.509521 0.343590 0.079590 0.131868
0 0.597900 0.340659 0.086426 0.130403
0 0.683838 0.119414 0.096191 0.130403
0 0.279297 0.699267 0.076172 0.104762
0 0.283203 0.939194 0.081055 0.121612
0 0.632812 0.935531 0.087891 0.121612
0 0.820801 0.946520 0.084961 0.106960
0 0.193604 0.699634 0.075684 0.115751
0 0.641846 0.463004 0.089355 0.117216
0 0.098633 0.350549 0.066406 0.115018
0 0.826660 0.235165 0.078125 0.115751
0 0.917725 0.241392 0.091309 0.123810
0 0.907227 0.468864 0.083008 0.121612
0 0.330322 0.114286 0.069824 0.106960
0 0.101562 0.129670 0.083984 0.121612
0 0.416260 0.346154 0.087402 0.119414
