0 0.412598 0.224908 0.078125 0.127473
0 0.147461 0.556410 0.081055 0.141392
0 0.311523 0.574359 0.074219 0.114286
0 0.447266 0.685714 0.081055 0.127473
0 0.414062 0.809890 0.099609 0.126740
0 0.500488 0.817216 0.066406 0.115018
0 0.570312 0.943956 0.069336 0.091575
0 0.110596 0.431136 0.079590 0.125275
0 0.060547 0.323443 0.076172 0.110623
0 0.211914 0.327473 0.085938 0.124542
0 0.090820 0.204396 0.062500 0.106960
0 0.227783 0.078388 0.090332 0.123077
0 0.456543 0.119414 0.062500 0.083516
0 0.455322 0.342125 0.073730 0.098168
0 0.810791 0.481319 0.087402 0.133333
0 0.171875 0.809158 0.084961 0.119414
0 0.075439 0.895604 0.073730 0.079853
0 0.091309 0.792674 0.071289 0.117216
0 0.074463 0.558608 0.071777 0.122344
0 0.853027 0.844689 0.065430 0.093773
0 0.739746 0.363370 0.074219 0.127473
0 0.569092 0.353480 0.083496 0.107692
0 0.089844 0.102564 0.090820 0.101099
0 0.849854 0.105495 0.093262 0.124542
0 0.959229 0.498535 0.076660 0.134066
0 0.730713 0.845788 0.084473 0.109158
0 0.729492 0.491209 0.072266 0.125275
0 0.902344 0.232967 0.083984 0.152381
0 0.929443 0.367033 0.091309 0.140659
0 0.933105 0.866667 0.105469 0.150916
0 0.727783 0.244322 0.072754 0.125275
0 0.732178 0.123810 0.083496 0.117216
0 0.934814 0.115018 0.099121 0.153846
0 0.812500 0.237363 0.096680 0.172894
0 0.729004 0.953846 0.081055 0.092308
0 0.271484 0.449084 0.093750 0.117216
