0 0.185547 0.215712 0.026367 0.021701
0 0.165283 0.370226 0.030762 0.032118
0 0.268066 0.430122 0.027344 0.039062
0 0.307373 0.740885 0.042480 0.084201
0 0.278809 0.779514 0.045898 0.083333
0 0.412109 0.569444 0.030273 0.053819
0 0.219727 0.664497 0.034180 0.059896
0 0.298828 0.618924 0.029297 0.045139
0 0.322998 0.587240 0.028809 0.052951
0 0.486572 0.671007 0.034668 0.067708
0 0.515137 0.754774 0.039062 0.059896
0 0.244385 0.498698 0.027832 0.035590
0 0.196045 0.559896 0.025879 0.039931
0 0.472412 0.854167 0.035645 0.057292
0 0.257812 0.309462 0.022461 0.023438
0 0.315918 0.357205 0.022461 0.037326
0 0.404785 0.383247 0.029297 0.044271
0 0.410156 0.469618 0.029297 0.036458
0 0.619873 0.811632 0.032715 0.069444
0 0.694824 0.815538 0.038086 0.068576
0 0.557373 0.495226 0.031738 0.052951
0 0.740479 0.396701 0.029785 0.036458
0 0.559082 0.276042 0.019531 0.038194
