0 0.463623 0.476257 0.052246 0.105214
0 0.463867 0.613128 0.049805 0.094041
0 0.462646 0.755121 0.052246 0.109870
0 0.463623 0.892458 0.045410 0.092179
0 0.461426 0.332868 0.050781 0.108939
0 0.462891 0.190875 0.046875 0.098696
0 0.596191 0.324488 0.048828 0.095903
0 0.595703 0.188547 0.053711 0.108939
0 0.537354 0.130819 0.037598 0.099628
0 0.670410 0.540503 0.047852 0.099628
0 0.539795 0.692272 0.047363 0.094041
0 0.667969 0.397579 0.051758 0.104283
0 0.541504 0.553073 0.053711 0.111732
0 0.599365 0.885009 0.052246 0.116387
0 0.793213 0.816574 0.058105 0.100559
0 0.724121 0.331471 0.049805 0.096834
0 0.795898 0.388734 0.053711 0.112663
0 0.853516 0.302607 0.055664 0.115456
0 0.928467 0.222998 0.062012 0.114525
0 0.667480 0.257914 0.043945 0.100559
0 0.666260 0.124302 0.046387 0.110801
0 0.540771 0.412942 0.055176 0.107076
0 0.796143 0.247207 0.042480 0.101490
0 0.927979 0.788641 0.045410 0.085661
0 0.857910 0.864525 0.050781 0.090317
0 0.276855 0.689013 0.029297 0.061453
0 0.405518 0.688547 0.028809 0.067970
0 0.271484 0.544693 0.024414 0.057728
0 0.797852 0.531192 0.052734 0.107076
0 0.923096 0.371508 0.061035 0.094972
0 0.926025 0.509311 0.057129 0.104283
0 0.975830 0.852886 0.048340 0.096834
0 0.923584 0.926443 0.062012 0.108007
0 0.723633 0.464153 0.061523 0.107076
0 0.669189 0.815177 0.057129 0.114525
0 0.540771 0.823091 0.052246 0.102421
0 0.852539 0.452980 0.053711 0.110801
0 0.594238 0.063780 0.053711 0.101490
0 0.274414 0.405959 0.029297 0.080074
0 0.153320 0.536313 0.038086 0.065177
0 0.333496 0.329143 0.029297 0.066108
0 0.038330 0.665270 0.032715 0.067970
0 0.334961 0.617318 0.033203 0.083799
0 0.336914 0.877561 0.027344 0.067970
0 0.087402 0.329143 0.038086 0.064246
0 0.083008 0.461359 0.041016 0.069832
0 0.205078 0.328678 0.031250 0.083799
0 0.274658 0.263966 0.036621 0.075419
0 0.032471 0.542365 0.037598 0.053073
0 0.156982 0.266294 0.032715 0.059590
0 0.155518 0.811453 0.030762 0.060521
0 0.332275 0.470205 0.026855 0.063315
0 0.203857 0.462756 0.031738 0.057728
0 0.158691 0.141527 0.034180 0.072626
0 0.208984 0.202514 0.034180 0.071695
0 0.404541 0.547486 0.035645 0.065177
0 0.335449 0.191806 0.029297 0.074488
0 0.403809 0.130819 0.029297 0.079143
