0 0.464844 0.598611 0.101562 0.202778
0 0.175000 0.595833 0.103125 0.191667
0 0.267969 0.584722 0.095312 0.180556
0 0.362500 0.594444 0.096875 0.177778
0 0.569531 0.602778 0.101562 0.177778
0 0.673438 0.600000 0.100000 0.211111
0 0.765625 0.602778 0.096875 0.150000
0 0.863281 0.600000 0.092188 0.177778
0 0.265625 0.248611 0.084375 0.163889
0 0.172656 0.258333 0.085938 0.150000
0 0.047656 0.420833 0.092188 0.169444
0 0.134375 0.423611 0.096875 0.158333
0 0.223438 0.419444 0.087500 0.183333
0 0.315625 0.419444 0.103125 0.188889
0 0.414062 0.419444 0.109375 0.216667
0 0.225000 0.759722 0.103125 0.180556
0 0.414062 0.762500 0.093750 0.191667
0 0.624219 0.787500 0.110937 0.191667
0 0.717969 0.777778 0.089063 0.172222
0 0.815625 0.769444 0.093750 0.166667
0 0.903125 0.773611 0.068750 0.186111
0 0.362500 0.237500 0.109375 0.180556
0 0.469531 0.240278 0.095312 0.169444
0 0.565625 0.236111 0.100000 0.188889
0 0.679688 0.256944 0.096875 0.197222
0 0.310937 0.754167 0.115625 0.186111
0 0.771094 0.248611 0.085938 0.186111
0 0.137500 0.097222 0.103125 0.172222
0 0.814844 0.095833 0.095312 0.158333
