0 0.387692 0.395918 0.021538 0.048980
0 0.442692 0.398639 0.026923 0.051701
0 0.480769 0.348980 0.024615 0.042177
0 0.557308 0.284354 0.022308 0.040816
0 0.744615 0.246259 0.024615 0.038095
0 0.462308 0.779592 0.029231 0.051701
0 0.360769 0.739456 0.029231 0.047619
0 0.449231 0.734694 0.030769 0.048980
0 0.520000 0.694558 0.026154 0.039456
0 0.560000 0.651020 0.024615 0.042177
0 0.549231 0.693197 0.026154 0.044898
0 0.405000 0.694558 0.028462 0.042177
0 0.661923 0.690476 0.028462 0.042177
0 0.757308 0.642177 0.023846 0.043537
0 0.793077 0.599320 0.027692 0.042177
0 0.417308 0.650340 0.023846 0.040816
0 0.480000 0.209524 0.023077 0.046259
0 0.391538 0.115646 0.021538 0.035374
0 0.427308 0.273469 0.030000 0.046259
0 0.557692 0.350340 0.027692 0.044898
0 0.700385 0.308844 0.025385 0.035374
0 0.743077 0.344218 0.023077 0.038095
0 0.766154 0.347619 0.033846 0.055782
0 0.819231 0.726531 0.029231 0.051701
0 0.838846 0.770068 0.030000 0.043537
0 0.887308 0.816327 0.034615 0.054422
0 0.432692 0.781633 0.026923 0.044898
0 0.669615 0.080272 0.026923 0.035374
0 0.528846 0.142177 0.023846 0.036735
0 0.664231 0.181633 0.023846 0.036735
0 0.705000 0.213605 0.026923 0.040816
0 0.867692 0.170748 0.023077 0.039456
0 0.317692 0.179592 0.024615 0.035374
0 0.277308 0.653741 0.028462 0.042177
0 0.177308 0.611565 0.031538 0.047619
