0 0.175385 0.533750 0.055385 0.087500
0 0.257692 0.371250 0.041538 0.067500
0 0.233846 0.142500 0.043077 0.065000
0 0.179231 0.660000 0.044615 0.075000
0 0.480769 0.657500 0.050769 0.090000
0 0.599231 0.530000 0.050769 0.065000
0 0.670000 0.361250 0.050769 0.072500
0 0.346923 0.346250 0.044615 0.067500
0 0.566154 0.150000 0.043077 0.075000
0 0.697692 0.175000 0.050769 0.080000
0 0.508462 0.243750 0.044615 0.062500
0 0.848462 0.412500 0.044615 0.070000
0 0.263846 0.698750 0.047692 0.077500
0 0.396154 0.636250 0.047692 0.082500
0 0.357692 0.886250 0.050769 0.082500
0 0.115385 0.545000 0.052308 0.085000
0 0.074615 0.246250 0.041538 0.067500
0 0.430000 0.188750 0.044615 0.087500
0 0.326923 0.820000 0.050769 0.080000
0 0.217692 0.865000 0.060000 0.090000
0 0.070000 0.848750 0.050769 0.082500
0 0.810769 0.863750 0.052308 0.102500
0 0.787692 0.590000 0.055385 0.080000
0 0.771538 0.290000 0.047692 0.075000
0 0.300769 0.561250 0.050769 0.082500
0 0.073846 0.700000 0.052308 0.070000
0 0.523846 0.935000 0.060000 0.085000
0 0.735385 0.697500 0.049231 0.095000
0 0.595385 0.297500 0.058462 0.085000
0 0.164615 0.215000 0.043077 0.065000
0 0.420000 0.780000 0.055385 0.085000
0 0.927692 0.701250 0.052308 0.087500
0 0.869231 0.221250 0.046154 0.077500
