0 0.149688 0.144387 0.034375 0.053985
0 0.201875 0.130249 0.036250 0.047986
0 0.149062 0.301628 0.040625 0.049700
0 0.248438 0.331191 0.048125 0.059126
0 0.239375 0.433590 0.043750 0.049700
0 0.265937 0.488003 0.044375 0.055698
0 0.296250 0.536418 0.035000 0.047986
0 0.321250 0.592973 0.040000 0.068552
0 0.444063 0.378320 0.045625 0.065981
0 0.417187 0.227935 0.050625 0.065124
0 0.474062 0.327763 0.044375 0.062554
0 0.559688 0.478578 0.046875 0.064267
0 0.535312 0.530420 0.044375 0.056555
0 0.420938 0.536847 0.039375 0.055698
0 0.320000 0.175236 0.043750 0.053985
0 0.193750 0.235219 0.041250 0.053985
0 0.106875 0.161954 0.046250 0.065124
0 0.496875 0.168380 0.046250 0.055698
0 0.564063 0.074122 0.046875 0.060840
0 0.671875 0.074122 0.042500 0.052271
0 0.713125 0.173093 0.042500 0.054841
0 0.645312 0.423308 0.038125 0.056555
0 0.658438 0.527421 0.049375 0.055698
0 0.561250 0.580120 0.037500 0.059983
0 0.338438 0.382177 0.040625 0.053128
0 0.151562 0.466581 0.035625 0.048843
0 0.156250 0.550557 0.041250 0.050557
0 0.098750 0.439589 0.047500 0.066838
0 0.064375 0.239503 0.051250 0.062554
0 0.052187 0.098543 0.039375 0.053128
0 0.502812 0.078406 0.048125 0.062554
0 0.614688 0.173522 0.046875 0.053985
0 0.689688 0.372322 0.038125 0.055698
0 0.597812 0.428449 0.043125 0.056555
0 0.622500 0.583976 0.047500 0.067695
0 0.665312 0.272922 0.041875 0.057412
0 0.710625 0.274207 0.041250 0.053128
0 0.740625 0.575407 0.051250 0.081405
0 0.158750 0.386461 0.041250 0.058269
0 0.396875 0.076692 0.041250 0.062554
0 0.250000 0.705656 0.035000 0.057412
0 0.409062 0.766067 0.036875 0.065124
0 0.626250 0.694516 0.043750 0.065981
0 0.783438 0.751500 0.046875 0.065124
0 0.870313 0.682948 0.046875 0.066838
0 0.502500 0.817909 0.042500 0.055698
0 0.101250 0.739075 0.042500 0.065981
0 0.250625 0.836761 0.051250 0.060840
0 0.378437 0.827335 0.046875 0.067695
0 0.626563 0.811911 0.040625 0.060840
0 0.824688 0.378320 0.043125 0.053985
0 0.903438 0.223222 0.035625 0.055698
0 0.329062 0.276350 0.044375 0.060840
0 0.833438 0.172665 0.036875 0.050557
0 0.934688 0.119966 0.040625 0.054841
0 0.958750 0.070266 0.047500 0.051414
0 0.926875 0.314482 0.046250 0.061697
0 0.922813 0.374464 0.059375 0.061697
0 0.955313 0.625107 0.044375 0.067695
0 0.967187 0.737789 0.054375 0.070266
0 0.783125 0.846615 0.055000 0.066838
0 0.057500 0.624250 0.051250 0.067695
0 0.558438 0.278920 0.038125 0.052271
0 0.475000 0.644816 0.053750 0.069409
0 0.775312 0.272065 0.033125 0.047129
0 0.190625 0.706084 0.042500 0.056555
0 0.188750 0.841045 0.050000 0.069409
0 0.860625 0.473436 0.050000 0.062554
