0 0.083125 0.264151 0.037500 0.053173
0 0.169687 0.331046 0.040625 0.063465
0 0.134375 0.661235 0.037500 0.048027
0 0.309688 0.599057 0.041875 0.064322
0 0.663750 0.581904 0.037500 0.040309
0 0.590313 0.652659 0.033125 0.049743
0 0.398125 0.452830 0.042500 0.056604
0 0.250312 0.362350 0.036875 0.042024
0 0.176875 0.668954 0.032500 0.042882
0 0.103750 0.526587 0.031250 0.046312
0 0.467813 0.240137 0.038125 0.061750
0 0.156875 0.208834 0.038750 0.043739
0 0.112812 0.158233 0.034375 0.060892
0 0.645938 0.404803 0.031875 0.053173
0 0.571875 0.459262 0.038750 0.055746
0 0.245000 0.600343 0.031250 0.048027
0 0.090000 0.641509 0.043750 0.049743
0 0.091563 0.754288 0.041875 0.055746
0 0.309063 0.280446 0.038125 0.056604
0 0.396250 0.295026 0.026250 0.037736
0 0.782500 0.439966 0.038750 0.061750
0 0.738437 0.261149 0.039375 0.054031
0 0.629687 0.190395 0.041875 0.053173
0 0.265625 0.470412 0.036250 0.043739
0 0.298750 0.531732 0.040000 0.053173
0 0.184062 0.502573 0.038125 0.051458
0 0.731563 0.494854 0.031875 0.051458
0 0.588750 0.773156 0.037500 0.060892
0 0.669687 0.805746 0.046875 0.055746
0 0.939375 0.485420 0.033750 0.060034
0 0.919063 0.301887 0.031875 0.044597
0 0.449375 0.389794 0.042500 0.052316
0 0.444063 0.432247 0.033125 0.046312
0 0.358438 0.388508 0.028125 0.042882
0 0.093750 0.080189 0.041250 0.064322
0 0.302812 0.851630 0.039375 0.056604
0 0.409375 0.679674 0.037500 0.052316
0 0.815000 0.232847 0.037500 0.067753
0 0.883750 0.196398 0.043750 0.061750
0 0.028125 0.265866 0.041250 0.058319
0 0.850313 0.505146 0.035625 0.056604
0 0.680937 0.655660 0.038125 0.062607
0 0.928438 0.759863 0.034375 0.058319
0 0.905000 0.831475 0.027500 0.048885
0 0.375000 0.556604 0.037500 0.046312
0 0.351875 0.183962 0.041250 0.048885
0 0.220938 0.063465 0.041875 0.046312
0 0.048438 0.167238 0.034375 0.053173
0 0.679063 0.209262 0.034375 0.061750
0 0.544063 0.583619 0.030625 0.050600
0 0.611250 0.575472 0.038750 0.053173
0 0.342500 0.753859 0.030000 0.046312
0 0.413125 0.846484 0.030000 0.053173
0 0.224062 0.718268 0.031875 0.052316
