0 0.464687 0.527500 0.070625 0.115000
0 0.078437 0.500500 0.088125 0.123000
0 0.228750 0.472000 0.087500 0.126000
0 0.353750 0.201500 0.088750 0.123000
0 0.650312 0.359000 0.074375 0.112000
0 0.404687 0.655500 0.066875 0.103000
0 0.344062 0.791000 0.073125 0.122000
0 0.107188 0.129500 0.094375 0.171000
0 0.710625 0.214000 0.075000 0.132000
0 0.791250 0.317000 0.082500 0.134000
0 0.537813 0.605500 0.069375 0.111000
0 0.681250 0.575500 0.081250 0.131000
0 0.597187 0.484500 0.069375 0.121000
0 0.621875 0.128500 0.077500 0.111000
0 0.294687 0.331000 0.091875 0.138000
0 0.134687 0.370000 0.071875 0.126000
0 0.402187 0.061000 0.088125 0.114000
0 0.570000 0.843500 0.077500 0.115000
0 0.482500 0.736000 0.062500 0.082000
