0 0.190000 0.022059 0.048333 0.035882
0 0.254167 0.027059 0.036667 0.029412
0 0.315833 0.029118 0.043333 0.034706
0 0.140000 0.224412 0.041667 0.026471
0 0.071250 0.298824 0.045833 0.028235
0 0.166667 0.345882 0.046667 0.031765
0 0.190000 0.385294 0.043333 0.031765
0 0.092083 0.420000 0.042500 0.032941
0 0.315833 0.391471 0.035000 0.030000
0 0.042083 0.257941 0.049167 0.035882
0 0.084583 0.142353 0.054167 0.034118
0 0.121250 0.104706 0.042500 0.029412
0 0.272917 0.234118 0.040833 0.027059
0 0.681667 0.246471 0.051667 0.047059
0 0.704167 0.381765 0.048333 0.032941
0 0.758750 0.154412 0.057500 0.048824
0 0.621250 0.066765 0.062500 0.047647
0 0.837083 0.064706 0.072500 0.051765
0 0.212917 0.149706 0.052500 0.034706
0 0.247083 0.107059 0.039167 0.028235
0 0.850833 0.384412 0.066667 0.057059
0 0.649167 0.202941 0.063333 0.048235
0 0.602917 0.236765 0.070833 0.052353
0 0.609583 0.153235 0.080833 0.053529
0 0.675833 0.335000 0.065000 0.050000
0 0.752083 0.245000 0.085833 0.053529
0 0.670417 0.422059 0.069167 0.048824
0 0.834167 0.157647 0.076667 0.047059
