0 0.347500 0.428449 0.036250 0.056555
0 0.428438 0.487147 0.036875 0.053985
0 0.338750 0.532991 0.041250 0.054841
0 0.265313 0.511568 0.038125 0.049700
0 0.188438 0.561268 0.044375 0.047986
0 0.171250 0.360754 0.042500 0.049700
0 0.163125 0.416024 0.036250 0.045416
0 0.168750 0.724507 0.047500 0.069409
0 0.456562 0.723222 0.046875 0.071979
0 0.627500 0.662382 0.036250 0.056555
0 0.598125 0.550985 0.036250 0.042845
0 0.646563 0.542845 0.036875 0.047129
0 0.459688 0.337618 0.040625 0.042845
0 0.402500 0.320480 0.033750 0.046272
0 0.285938 0.255784 0.038125 0.045416
0 0.269688 0.342759 0.036875 0.047986
0 0.184688 0.316195 0.036875 0.049700
0 0.679375 0.338046 0.035000 0.050557
0 0.708125 0.440874 0.035000 0.048843
0 0.701250 0.658955 0.041250 0.058269
0 0.673125 0.723650 0.037500 0.059126
0 0.540625 0.690660 0.045000 0.049700
0 0.514687 0.570266 0.038125 0.045416
0 0.591250 0.249357 0.031250 0.044559
0 0.520000 0.233933 0.023750 0.029135
0 0.420625 0.237361 0.035000 0.046272
0 0.194375 0.209940 0.028750 0.042845
0 0.152812 0.219366 0.033125 0.046272
0 0.278125 0.443873 0.035000 0.047986
0 0.242500 0.593830 0.037500 0.047986
0 0.531563 0.626821 0.041875 0.053985
0 0.587500 0.666667 0.047500 0.066838
0 0.759687 0.225793 0.038125 0.055698
0 0.767188 0.360754 0.031875 0.047986
0 0.844375 0.294344 0.031250 0.050557
0 0.132500 0.479006 0.041250 0.051414
0 0.616563 0.380891 0.028125 0.045416
0 0.402813 0.554841 0.040625 0.050557
0 0.405625 0.664096 0.047500 0.056555
0 0.308125 0.769494 0.050000 0.054841
0 0.458125 0.267352 0.031250 0.032562
