0 0.456787 0.463736 0.079590 0.111355
0 0.228516 0.553480 0.089844 0.115018
0 0.312744 0.473993 0.085449 0.147985
0 0.142090 0.353114 0.078125 0.121612
0 0.147705 0.223810 0.092285 0.126740
0 0.352539 0.139927 0.086914 0.130403
0 0.148682 0.765934 0.089355 0.120879
0 0.330078 0.855678 0.055664 0.092308
0 0.470459 0.719414 0.082520 0.146520
0 0.698975 0.894505 0.069824 0.149451
0 0.395752 0.834799 0.069824 0.122344
0 0.152344 0.482051 0.107422 0.140659
0 0.520996 0.256044 0.090820 0.128205
0 0.218262 0.152747 0.098633 0.109158
0 0.141357 0.096337 0.101074 0.117949
0 0.382080 0.273993 0.095215 0.128938
0 0.160400 0.610989 0.083496 0.117216
0 0.241699 0.808425 0.083008 0.106227
0 0.605225 0.434799 0.114746 0.138462
0 0.820557 0.231502 0.093262 0.152381
0 0.078369 0.427839 0.062988 0.095238
0 0.770996 0.444689 0.083984 0.120147
0 0.856689 0.893040 0.086426 0.127473
0 0.916260 0.263736 0.103027 0.155311
0 0.920410 0.133333 0.097656 0.137729
0 0.681641 0.105495 0.091797 0.123077
0 0.515137 0.112088 0.092773 0.123077
0 0.446777 0.182418 0.113281 0.161172
0 0.618652 0.568132 0.096680 0.115018
0 0.317627 0.747619 0.097168 0.115018
0 0.386963 0.650183 0.107910 0.173626
0 0.053955 0.878022 0.072754 0.094505
0 0.256592 0.931136 0.089355 0.126007
0 0.552002 0.891575 0.066895 0.121612
0 0.614990 0.842857 0.094238 0.115018
0 0.292480 0.213553 0.097656 0.145788
