0 0.323486 0.405495 0.083496 0.120879
0 0.119141 0.572161 0.077148 0.086447
0 0.086182 0.309158 0.071777 0.102564
0 0.186523 0.227473 0.072266 0.115018
0 0.122314 0.220879 0.075684 0.103297
0 0.462158 0.412821 0.065918 0.106227
0 0.424316 0.684249 0.068359 0.096703
0 0.447510 0.768498 0.063965 0.098168
0 0.351562 0.844322 0.064453 0.097436
0 0.409912 0.868132 0.069824 0.104029
0 0.274414 0.858608 0.070312 0.098168
0 0.124268 0.728205 0.062988 0.104029
0 0.328369 0.054212 0.073730 0.104029
0 0.646484 0.232234 0.068359 0.101099
0 0.762207 0.785714 0.059570 0.085714
0 0.593262 0.867766 0.062500 0.094505
0 0.545166 0.946154 0.064941 0.095971
0 0.227295 0.952747 0.069824 0.094505
0 0.653564 0.864469 0.070801 0.099634
0 0.529785 0.500366 0.069336 0.126007
0 0.880615 0.884249 0.084473 0.109890
0 0.780518 0.426740 0.060059 0.095971
0 0.669678 0.513553 0.072754 0.095238
0 0.882080 0.352747 0.062012 0.106227
0 0.783936 0.242857 0.069824 0.104762
0 0.537842 0.320147 0.062988 0.117216
0 0.600098 0.321978 0.068359 0.104762
0 0.534668 0.160806 0.082031 0.125275
0 0.431152 0.148718 0.071289 0.101099
0 0.330566 0.235165 0.067383 0.114286
0 0.748291 0.138828 0.060059 0.094505
0 0.930664 0.256044 0.068359 0.119414
0 0.260498 0.583516 0.061035 0.091575
0 0.350830 0.681319 0.060059 0.082051
0 0.130127 0.402930 0.067871 0.093773
0 0.059814 0.053480 0.074707 0.093773
0 0.257568 0.229304 0.080566 0.118681
0 0.612305 0.148352 0.064453 0.112088
0 0.602051 0.520879 0.071289 0.142125
0 0.557861 0.775092 0.063965 0.090842
0 0.624512 0.772161 0.064453 0.087912
0 0.835938 0.416117 0.059570 0.092308
0 0.681152 0.319780 0.068359 0.116484
0 0.253662 0.403663 0.058105 0.099634
0 0.109131 0.480586 0.085449 0.093773
0 0.049072 0.574359 0.070801 0.099634
0 0.523438 0.680220 0.068359 0.112088
0 0.205566 0.844322 0.059570 0.106227
0 0.738770 0.510989 0.078125 0.119414
0 0.828369 0.143956 0.075684 0.113553
0 0.405762 0.252381 0.066406 0.123810
0 0.467773 0.238828 0.065430 0.108425
0 0.427490 0.508425 0.073730 0.112821
0 0.728027 0.879853 0.067383 0.086447
0 0.795410 0.880586 0.084961 0.102564
0 0.232666 0.140659 0.083496 0.102564
0 0.150391 0.130769 0.070312 0.101832
