0 0.115164 0.547992 0.041688 0.079334
0 0.110214 0.634672 0.051589 0.088149
0 0.189161 0.650833 0.050026 0.093046
0 0.274101 0.516650 0.043773 0.096964
0 0.307973 0.488247 0.029182 0.059745
0 0.138093 0.312439 0.046899 0.074437
0 0.108129 0.256121 0.050547 0.087169
0 0.081032 0.499021 0.040125 0.079334
0 0.086764 0.419197 0.052632 0.082272
0 0.341584 0.612635 0.050547 0.079334
0 0.368421 0.666014 0.040646 0.070519
0 0.482804 0.660137 0.048463 0.084231
0 0.247004 0.755632 0.052110 0.081293
0 0.323085 0.775220 0.040646 0.083252
0 0.171965 0.811949 0.054195 0.090108
0 0.129495 0.758570 0.043252 0.079334
0 0.088588 0.797258 0.039604 0.086190
0 0.066701 0.662096 0.042731 0.076396
0 0.077645 0.499510 0.042731 0.078355
0 0.565659 0.596964 0.042209 0.079334
0 0.405159 0.720862 0.039083 0.086190
0 0.437207 0.771303 0.040646 0.085211
0 0.473424 0.813418 0.052632 0.083252
0 0.589109 0.731146 0.044294 0.073457
0 0.231110 0.545054 0.042209 0.085211
0 0.170662 0.367287 0.046378 0.070519
0 0.215477 0.334966 0.043252 0.078355
0 0.178999 0.286484 0.044294 0.083252
0 0.155550 0.155240 0.046378 0.075416
0 0.131318 0.398139 0.045857 0.079334
0 0.448150 0.614104 0.048984 0.084231
0 0.594841 0.643976 0.044294 0.096964
0 0.175352 0.734084 0.056800 0.081293
0 0.168056 0.811459 0.053674 0.096964
0 0.164669 0.442214 0.048984 0.083252
0 0.521105 0.623408 0.051068 0.091087
0 0.478374 0.730656 0.053153 0.078355
0 0.658416 0.828110 0.048463 0.087169
0 0.542991 0.826641 0.054195 0.086190
0 0.597707 0.569540 0.046899 0.087169
0 0.568525 0.525465 0.047942 0.077375
0 0.655550 0.831048 0.044815 0.089128
0 0.733455 0.765426 0.051589 0.087169
0 0.812402 0.717434 0.042731 0.077375
0 0.634445 0.614104 0.035956 0.086190
0 0.836894 0.921156 0.046899 0.081293
0 0.918708 0.865818 0.036477 0.090108
0 0.850182 0.767875 0.047421 0.084231
0 0.728504 0.849657 0.048984 0.085211
0 0.727202 0.938296 0.048463 0.092067
0 0.460657 0.900098 0.048984 0.078355
0 0.424961 0.928501 0.048463 0.088149
0 0.385096 0.954946 0.050026 0.088149
0 0.543773 0.834966 0.047421 0.085211
0 0.615946 0.858962 0.042731 0.084231
0 0.611777 0.938786 0.051068 0.085211
0 0.127931 0.930460 0.049505 0.090108
0 0.077124 0.953967 0.045857 0.078355
