0 0.144027 0.071547 0.090006 0.123204
0 0.312350 0.105801 0.087613 0.127624
0 0.229799 0.079420 0.079698 0.121823
0 0.074176 0.380801 0.090926 0.118508
0 0.166667 0.400691 0.084484 0.127348
0 0.263666 0.409254 0.077858 0.130110
0 0.200534 0.519199 0.093687 0.111326
0 0.281520 0.535912 0.107307 0.138122
0 0.150285 0.608702 0.094791 0.148895
0 0.249034 0.633840 0.086508 0.116298
0 0.050341 0.625276 0.096264 0.151105
0 0.420854 0.636740 0.093687 0.115470
0 0.500460 0.629696 0.076201 0.109669
0 0.655071 0.635083 0.071415 0.100552
0 0.181391 0.186188 0.087797 0.125967
0 0.124241 0.279972 0.103442 0.157735
0 0.306645 0.310083 0.082827 0.125138
0 0.426928 0.231768 0.092582 0.129282
0 0.393521 0.531906 0.073624 0.118508
0 0.542150 0.533011 0.076385 0.108011
0 0.692711 0.539641 0.070863 0.108011
0 0.702650 0.343508 0.078962 0.121823
0 0.646880 0.216298 0.077858 0.132597
0 0.706976 0.159392 0.069207 0.106630
0 0.326891 0.839365 0.120375 0.157735
0 0.565065 0.828453 0.070679 0.108287
0 0.756488 0.741022 0.065157 0.091989
0 0.836923 0.952210 0.072888 0.095580
0 0.884134 0.264227 0.066446 0.086464
0 0.903920 0.371271 0.060004 0.098895
0 0.829192 0.550276 0.076569 0.106077
0 0.938984 0.649724 0.075281 0.103315
0 0.904841 0.749309 0.068839 0.090884
0 0.725842 0.845718 0.075281 0.090884
0 0.638229 0.842127 0.096264 0.114088
0 0.604730 0.941436 0.088533 0.104420
0 0.143659 0.834116 0.066446 0.099724
0 0.823394 0.062017 0.070127 0.101381
0 0.911467 0.054144 0.067366 0.103867
0 0.928493 0.169751 0.077121 0.130110
