0 0.139583 0.513614 0.156944 0.279703
0 0.314583 0.459158 0.129167 0.235149
0 0.451389 0.431931 0.152778 0.279703
0 0.100694 0.808168 0.140278 0.259901
0 0.373611 0.788366 0.166667 0.269802
0 0.521528 0.693069 0.159722 0.267327
0 0.689583 0.758663 0.165278 0.304455
0 0.855556 0.679455 0.158333 0.284653
0 0.706250 0.530941 0.134722 0.225248
0 0.602083 0.337871 0.140278 0.289604
0 0.453472 0.143564 0.176389 0.272277
0 0.214583 0.179455 0.209722 0.329208
0 0.731250 0.142327 0.190278 0.279703
0 0.917361 0.241337 0.165278 0.289604
0 0.931250 0.879950 0.137500 0.240099
