0 0.188077 0.505174 0.134615 0.152399
0 0.603462 0.358890 0.085385 0.117592
0 0.669615 0.266228 0.117692 0.137347
0 0.342692 0.181562 0.097692 0.099718
0 0.376538 0.627940 0.088462 0.132643
0 0.210769 0.821261 0.076923 0.107244
0 0.638077 0.833490 0.105385 0.150517
0 0.368077 0.482596 0.100769 0.112888
0 0.420000 0.247413 0.092308 0.111007
0 0.824231 0.240828 0.096154 0.127940
0 0.893462 0.136877 0.150000 0.140169
0 0.931154 0.698965 0.128462 0.163688
0 0.536923 0.606773 0.112308 0.131703
0 0.386538 0.817027 0.133077 0.151458
0 0.103077 0.191439 0.096923 0.119473
0 0.045769 0.257761 0.085385 0.131703
0 0.553077 0.090310 0.100000 0.122295
0 0.786538 0.475541 0.120769 0.158984
0 0.943462 0.449671 0.113077 0.165569
0 0.056538 0.567733 0.106923 0.119473
