0 0.229911 0.663909 0.108173 0.168505
0 0.168355 0.502451 0.117960 0.167279
0 0.293527 0.473805 0.115213 0.189032
0 0.222442 0.343597 0.097356 0.178615
0 0.136590 0.233150 0.091518 0.185049
0 0.061813 0.150123 0.083791 0.167279
0 0.085079 0.353707 0.088771 0.160846
0 0.037603 0.513327 0.074863 0.173713
0 0.111521 0.621783 0.088771 0.147978
0 0.143716 0.810815 0.118819 0.189032
0 0.299708 0.817708 0.117273 0.182598
0 0.345467 0.653186 0.095810 0.197917
0 0.032366 0.717525 0.064389 0.192402
0 0.701408 0.647365 0.102335 0.186275
0 0.642342 0.480086 0.097184 0.155637
0 0.605512 0.367800 0.102163 0.147978
0 0.518630 0.297028 0.090144 0.131434
0 0.525412 0.141238 0.079327 0.136642
0 0.482486 0.075521 0.095124 0.114890
0 0.780821 0.506893 0.089457 0.163297
0 0.852335 0.720129 0.102335 0.204350
0 0.941878 0.905790 0.116243 0.188419
0 0.912689 0.573223 0.121394 0.183824
0 0.858001 0.377298 0.117788 0.159620
0 0.663719 0.253523 0.087054 0.140012
0 0.604825 0.134344 0.084650 0.146752
0 0.751459 0.350643 0.096669 0.177390
0 0.775412 0.201900 0.101648 0.166054
0 0.695312 0.100337 0.087397 0.126532
0 0.965659 0.395221 0.068681 0.189951
0 0.910628 0.220129 0.100103 0.174939
0 0.835165 0.086244 0.106456 0.164522
0 0.947115 0.079350 0.105769 0.158088
0 0.965831 0.754902 0.068338 0.157475
